# Dolby Vision Display Management Configuration File
# Dolby Vision processor version: 6.0.9.b16f2b
# Date : 09/14/2023
# Brand Model Number: L2 zeus Xiaomi 12 Pro 2201122C

[Global]
DMSwVersion = 4.0
Tmax = 500
Tmin = 0.0001
TPrimaries = 0.6877 0.3137 0.2505 0.7038 0.1379 0.0515 0.3127 0.329

TEOTF = POWER
Tgamma = 2.25

RGB2YCCmat=0.2249515012 0.5805731287 0.0507803555 -0.1222960562 -0.3156316076 0.4379276637 0.4379276637 -0.4027047292 -0.0352229345
RGB2YCCOffsetNorm=0.0625 0.5 0.5

Ambient = 3
TSurroundReflection = 0.5
TScreenReflection = 0.0005
ALDelayMilliSec = 50
ALResponseFall = 0.004
ALResponseRise = 0.02
ALOperationalRate = 50
TFrontLux = 1000
TFrontLuxScale = 1

BLUPwm = 10 64 128 192 255
BLULight = 500 500 500 500 500
BLULightMin = 0.0001 0.0001 0.0001 0.0001 0.0001

[PictureMode = 0]
PictureModeName = Dolby Vision Bright
DBrightness = 0.3

[PictureMode = 1]
PictureModeName = Dolby Vision Standard
DBrightness = 0.3

[PictureMode = 2]
PictureModeName = Dolby Vision Vivid
DBrightness = 0.3
DSaturation = 0.2

[PictureMode = 3]
PictureModeName = Dolby Vision Cinema


